# Blender 4.3.2
# www.blender.org
mtllib textured_cube2.mtl
o Cube
v 1.441740 -0.077519 -0.956753
v 0.792694 -1.515778 0.272129
v 1.060183 1.294505 0.447514
v 0.411137 -0.143753 1.676395
v -0.411137 0.143753 -1.676395
v -1.060183 -1.294505 -0.447514
v -0.792694 1.515778 -0.272129
v -1.441740 0.077519 0.956753
vn 0.3245 0.7191 -0.6144
vn -0.1908 0.6860 0.7021
vn -0.9264 0.1106 -0.3598
vn -0.3245 -0.7191 0.6144
vn 0.9264 -0.1106 0.3598
vn 0.1908 -0.6860 -0.7021
vt 0.875000 0.500000
vt 0.625000 0.750000
vt 0.625000 0.500000
vt 0.375000 1.000000
vt 0.375000 0.750000
vt 0.625000 0.000000
vt 0.375000 0.250000
vt 0.375000 0.000000
vt 0.375000 0.500000
vt 0.125000 0.750000
vt 0.125000 0.500000
vt 0.625000 0.250000
vt 0.875000 0.750000
vt 0.625000 1.000000
s 0
usemtl Material
f 5/1/1 3/2/1 1/3/1
f 3/2/2 8/4/2 4/5/2
f 7/6/3 6/7/3 8/8/3
f 2/9/4 8/10/4 6/11/4
f 1/3/5 4/5/5 2/9/5
f 5/12/6 2/9/6 6/7/6
f 5/1/1 7/13/1 3/2/1
f 3/2/2 7/14/2 8/4/2
f 7/6/3 5/12/3 6/7/3
f 2/9/4 4/5/4 8/10/4
f 1/3/5 3/2/5 4/5/5
f 5/12/6 1/3/6 2/9/6
o Cube.001
v -0.429577 4.074060 2.718415
v -1.679702 3.620058 4.874378
v 2.489725 3.980295 4.391414
v 1.239600 3.526293 6.547377
v -0.209543 0.763875 2.148943
v -1.459668 0.309872 4.304905
v 2.709759 0.670110 3.821942
v 1.459634 0.216108 5.977904
vn -0.0654 0.9834 0.1692
vn 0.8673 -0.0279 0.4970
vn 0.0654 -0.9834 -0.1692
vn -0.8673 0.0279 -0.4970
vn 0.4935 0.1792 -0.8511
vn -0.4935 -0.1792 0.8511
vt 0.625000 0.000000
vt 0.375000 0.250000
vt 0.375000 0.000000
vt 0.625000 0.250000
vt 0.375000 0.500000
vt 0.625000 0.500000
vt 0.375000 0.750000
vt 0.625000 0.750000
vt 0.375000 1.000000
vt 0.125000 0.750000
vt 0.125000 0.500000
vt 0.875000 0.500000
vt 0.625000 1.000000
vt 0.875000 0.750000
s 0
usemtl Material.001
f 10/15/7 11/16/7 9/17/7
f 12/18/8 15/19/8 11/16/8
f 16/20/9 13/21/9 15/19/9
f 14/22/10 9/23/10 13/21/10
f 15/19/11 9/24/11 11/25/11
f 12/26/12 14/22/12 16/20/12
f 10/15/7 12/18/7 11/16/7
f 12/18/8 16/20/8 15/19/8
f 16/20/9 14/22/9 13/21/9
f 14/22/10 10/27/10 9/23/10
f 15/19/11 13/21/11 9/24/11
f 12/26/12 10/28/12 14/22/12
